function mpc = AfterDynamicSim_sps_216
%AFTERDYNAMICSIM_SPS_216

%% MATPOWER Case Format : Version 2
mpc.version = '2';

%%-----  Power Flow Data  -----%%
%% system MVA base
mpc.baseMVA = 100;

%% bus data
%	bus_i	type	Pd	Qd	Gs	Bs	area	Vm	Va	baseKV	zone	Vmax	Vmin
mpc.bus = [
	1	1	89.3145062	48.6124596	0	0	1	1.02176	-92.2941	115	1	1.1	0.9;
	2	1	55.5118999	14.8654398	0	0	1	1.02806	-90.684	115	1	1.1	0.9;
	3	1	19.6228288	0	0	0	1	0.9814	-91.7197	230	1	1.1	0.9;
	4	1	0	0	0	0	1	1.00834	-94.1329	345	1	1.1	0.9;
	5	1	349.966385	128.845655	0	0	1	1.01166	-93.5816	115	1	1.1	0.9;
	6	1	118.800129	40.5785734	0	0	1	1.02272	-91.4009	115	1	1.1	0.9;
	7	1	0	0	0	0	1	0.97999	-92.0866	230	1	1.1	0.9;
	8	1	57.0638243	13.7695536	0	0	1	1.0029	-96.3538	115	1	1.1	0.9;
	9	1	95.2883061	42.6693495	0	0	1	0.99717	-95.5212	115	1	1.1	0.9;
	10	1	146.503556	32.6572752	0	0	1	1.01184	-97.0557	230	1	1.1	0.9;
	11	1	82.4865963	20.8633716	0	0	1	1.00062	-96.0048	115	1	1.1	0.9;
	12	1	0	0	0	0	1	0.98697	-93.1157	230	1	1.1	0.9;
	13	1	57.530511	9.91580161	0	0	1	0.99101	-99.0292	115	1	1.1	0.9;
	14	1	154.614826	57.9651286	0	0	1	0.97477	-104.3918	115	1	1.1	0.9;
	15	1	120.781429	21.9198849	0	0	1	1.00018	-109.0502	115	1	1.1	0.9;
	16	1	0	0	0	0	1	0.98795	-103.4522	345	1	1.1	0.9;
	17	1	539.879874	211.656758	0	0	1	1.03658	-113.4686	115	1	1.1	0.9;
	19	1	0	0	0	0	1	0.97044	-97.7233	230	1	1.1	0.9;
	20	1	589.098267	118.775043	0	0	1	0.99271	-100.9521	115	1	1.1	0.9;
	21	1	76.1411598	0.989414467	0	0	1	0.96612	-96.8794	230	1	1.1	0.9;
	22	1	80.3323827	22.8032596	0	0	1	0.98939	-100.4263	115	1	1.1	0.9;
	23	1	20.952979	6.98214611	0	0	1	1.0481	-94.3925	115	1	1.1	0.9;
	24	1	0	0	0	0	1	1.00178	-92.3016	230	1	1.1	0.9;
	25	1	44.8613674	11.9600532	0	0	1	1.02069	-96.9039	115	1	1.1	0.9;
	26	1	27.8722232	8.95574857	0	0	1	0.99473	-100.1038	115	1	1.1	0.9;
	27	1	68.5318418	12.9085377	0	0	1	0.96943	-103.3268	115	1	1.1	0.9;
	33	1	50.3519712	5.49146893	0	0	1	0.96609	-115.2374	115	1	1.1	0.9;
	34	1	0	0	0	0	1	0.97894	-111.4669	345	1	1.1	0.9;
	35	1	0	0	0	0	1	0.94367	-138.5445	115	1	1.1	0.9;
	36	1	0	0	0	0	1	0.94291	-135.6547	230	1	1.1	0.9;
	37	1	78.3937459	29.5041132	0	0	1	0.96634	-113.8538	115	1	1.1	0.9;
	38	1	141.879683	16.4714586	0	0	1	0.96208	-115.7963	115	1	1.1	0.9;
	39	1	0	0	0	0	1	0.99283	-109.1458	345	1	1.1	0.9;
	40	1	42.3451011	-19.3365593	0	0	1	0.96685	-115.8845	115	1	1.1	0.9;
	41	1	78.4659736	0	0	0	1	0.96817	-113.4947	115	1	1.1	0.9;
	42	1	0	0	0	0	1	0.98171	-111.0087	345	1	1.1	0.9;
	43	1	35.4195919	8.17146317	0	0	1	0.94073	-121.6376	115	1	1.1	0.9;
	44	1	175.131043	26.0380031	0	0	1	0.94318	-123.8943	115	1	1.1	0.9;
	45	1	0	0	0	0	1	0.95273	-121.5491	230	1	1.1	0.9;
	46	1	0	0	0	0	1	0.95706	-118.0622	345	1	1.1	0.9;
	47	1	52.6270868	10.7045521	0	0	1	0.92537	-131.34	115	1	1.1	0.9;
	48	1	38.8751108	18.0110628	0	0	1	0.96764	-119.5337	115	1	1.1	0.9;
	49	1	82.4574895	23.2969651	0	0	1	0.97336	-103.8644	115	1	1.1	0.9;
	51	1	-4.52615309	4.52523285	0	0	1	0.95929	-110.4649	115	1	1.1	0.9;
	52	1	55.6227979	25.5245055	0	0	1	0.93909	-114.8759	115	1	1.1	0.9;
	53	1	62.5861756	2.7199697	0	0	1	0.9358	-122.5398	115	1	1.1	0.9;
	54	1	9.05857701	0.906491932	0	0	1	0.94388	-121.2652	115	1	1.1	0.9;
	55	1	20.2205198	9.18896888	0	0	1	0.96109	-115.6503	115	1	1.1	0.9;
	57	1	93.7977722	19.1372979	0	0	1	1.0042	-110.5199	115	1	1.1	0.9;
	58	1	13.5772357	0.969122444	0	0	1	0.97152	-108.6303	115	1	1.1	0.9;
	59	1	212.222924	103.160962	0	0	1	0.96133	-107.9373	115	1	1.1	0.9;
	60	1	0	0	0	0	1	0.9681	-114.7864	230	1	1.1	0.9;
	61	1	221.406129	107.259015	0	0	1	0.97431	-106.0995	115	1	1.1	0.9;
	62	1	0	0	0	0	1	0.98889	-104.2118	230	1	1.1	0.9;
	63	1	67.0664482	28.7351971	0	0	1	0.93125	-120.8102	115	1	1.1	0.9;
	64	1	0	0	0	0	1	0.92149	-116.1299	230	1	1.1	0.9;
	69	1	0	0	0	0	1	0.97082	-141.1517	115	1	1.1	0.9;
	70	1	53.5939741	19.1345231	0	0	1	0.99157	-147.6935	115	1	1.1	0.9;
	71	1	111.096905	36.3833524	0	150.09	1	1.01603	-143.0046	115	1	1.1	0.9;
	72	1	53.7053016	17.896305	0	0	1	0.95537	-140.4244	115	1	1.1	0.9;
	73	1	205.797582	65.2116341	0	0	1	0.94155	-137.5958	115	1	1.1	0.9;
	74	1	0	0	0	0	1	0.93668	-133.4673	230	1	1.1	0.9;
	76	1	194.05677	99.7994246	0	0	1	0.9312	-139.2141	115	1	1.1	0.9;
	77	1	70.0693964	26.5054685	0	0	1	0.9606	-138.0293	115	1	1.1	0.9;
	78	1	0	0	0	0	1	0.96953	-137.1019	115	1	1.1	0.9;
	79	1	45.2367734	13.1907401	0	0	1	0.9594	-138.0675	115	1	1.1	0.9;
	80	1	26.5107232	6.62606334	0	0	1	0.96139	-139.5442	115	1	1.1	0.9;
	81	1	0	0	0	0	1	0.94196	-133.0516	345	1	1.1	0.9;
	84	1	36.9495797	12.9778417	0	0	1	1.02396	-129.8952	115	1	1.1	0.9;
	85	1	0	0	0	0	1	0.97906	-120.5655	230	1	1.1	0.9;
	86	1	0	0	0	0	1	0.98226	-116.3272	230	1	1.1	0.9;
	87	1	0	0	0	0	1	0.97944	-108.4257	230	1	1.1	0.9;
	88	1	0	0	0	0	1	0.94173	-133.9576	230	1	1.1	0.9;
	89	1	42.7436244	0	0	0	1	1.0084	-112.8975	115	1	1.1	0.9;
	90	1	63.03133	0	0	0	1	0.99588	-113.6143	115	1	1.1	0.9;
	91	1	17.316183	0	0	0	1	1.04858	-111.3713	115	1	1.1	0.9;
	92	1	15.7895659	0	0	0	1	1.05148	-108.9236	115	1	1.1	0.9;
	94	1	59.5567232	0	0	0	1	0.98383	-110.3474	115	1	1.1	0.9;
	97	1	39.6508109	0	0	0	1	1.01386	-115.4627	115	1	1.1	0.9;
	98	1	66.7200116	0	0	0	1	1.00021	-116.9341	115	1	1.1	0.9;
	99	1	82.7890272	0	0	0	1	0.98384	-123.6918	115	1	1.1	0.9;
	100	1	0	0	0	0	1	1.00284	-116.728	115	1	1.1	0.9;
	102	1	77.3224143	0	0	0	1	0.99644	-117.5212	115	1	1.1	0.9;
	103	1	31.6990785	0	0	0	1	1.0224	-114.7928	115	1	1.1	0.9;
	104	1	8.53690913	0	0	0	1	0.99073	-119.9962	115	1	1.1	0.9;
	105	1	48.8807662	0	0	0	1	1.01268	-115.9134	115	1	1.1	0.9;
	107	1	4.46300721	0	0	0	1	0.9898	-119.3557	115	1	1.1	0.9;
	108	1	111.344648	0	0	0	1	0.98553	-123.6819	115	1	1.1	0.9;
	109	1	29.5687782	0	0	0	1	0.95579	-131.9353	115	1	1.1	0.9;
	110	1	61.3642733	0	0	0	1	0.95923	-129.5766	115	1	1.1	0.9;
	112	1	19.0121702	0	0	0	1	0.9617	-136.7886	115	1	1.1	0.9;
	113	1	24.2053601	0	0	0	1	0.9281	-132.8804	115	1	1.1	0.9;
	114	1	17.6557896	0	0	0	1	0.9644	-137.027	115	1	1.1	0.9;
	115	1	0	0	0	0	2	0.92482	-84.9048	115	2	1.1	0.9;
	116	1	0	0	0	0	2	1.0108	-77.8966	115	2	1.1	0.9;
	117	1	0	0	0	500.29	2	0.94474	-72.7629	115	2	1.1	0.9;
	118	1	13.9843299	644.494586	0	0	2	0.93788	-71.6948	115	2	1.1	0.9;
	119	1	100.253231	34.3738433	0	0	2	1.04219	-56.8959	115	2	1.1	0.9;
	120	1	-99.677023	40.0581849	0	150.09	2	1.03806	-59.6355	115	2	1.1	0.9;
	121	1	530.829708	54.5555555	0	0	2	0.92063	-81.2022	115	2	1.1	0.9;
	122	1	226.746616	11.6754967	0	0	2	0.9225	-87.5786	115	2	1.1	0.9;
	123	1	77.1070802	1.38371476	0	0	2	0.94653	-92.3192	115	2	1.1	0.9;
	124	1	273.87375	58.7408182	0	0	2	0.99135	-81.1321	115	2	1.1	0.9;
	125	1	509.641686	81.8480023	0	0	2	0.9661	-102.8999	115	2	1.1	0.9;
	126	1	57.3586635	5.05057557	0	200.12	2	0.96396	-98.5962	115	2	1.1	0.9;
	127	1	379.091391	36.8237423	0	0	2	0.98842	-104.0142	230	2	1.1	0.9;
	128	1	0	0	0	0	2	0.99445	-102.4046	230	2	1.1	0.9;
	129	1	0	0	0	0	2	0.99162	-101.5781	230	2	1.1	0.9;
	130	1	0	0	0	0	2	1.00799	-91.8022	230	2	1.1	0.9;
	131	1	0	0	0	0	2	0.97398	-91.9709	230	2	1.1	0.9;
	132	1	0	0	0	0	2	0.99117	-93.4318	230	2	1.1	0.9;
	133	1	0	0	0	0	2	0.99455	-104.532	230	2	1.1	0.9;
	134	1	0	0	0	0	2	1.01825	-103.1167	230	2	1.1	0.9;
	135	1	168.819538	41.4953456	0	0	2	1.0197	-103.2373	230	2	1.1	0.9;
	136	1	55.1346553	18.1723552	0	0	2	1.0498	-97.9046	230	2	1.1	0.9;
	137	1	273.489956	99.73171	0	0	2	1.04344	-104.3474	230	2	1.1	0.9;
	138	1	826.711589	135.163711	0	0	2	1.05204	-113.7203	230	2	1.1	0.9;
	139	1	594.872951	83.2581155	0	0	2	1.01055	-106.2511	115	2	1.1	0.9;
	140	1	387.656216	114.654377	0	0	2	1.04088	-106.2166	230	2	1.1	0.9;
	141	1	144.987756	57.9785266	0	0	2	1.05087	-102.5259	230	2	1.1	0.9;
	142	1	56.545636	24.5125704	0	0	2	1.01875	-105.3888	230	2	1.1	0.9;
	143	1	89.4998564	35.4906777	0	0	2	1.04351	-98.5969	230	2	1.1	0.9;
	144	1	0	0	0	0	2	0.9911	-103.7779	230	2	1.1	0.9;
	145	1	24.0006188	13.9956724	0	0	2	1.01184	-102.6174	230	2	1.1	0.9;
	146	1	0	0	0	0	2	1.05281	-98.1391	230	2	1.1	0.9;
	147	1	0	0	0	0	2	1.05279	-94.0564	230	2	1.1	0.9;
	148	1	62.9925015	24.9902017	0	120.07	2	1.09815	-102.4329	115	2	1.1	0.9;
	149	1	0	0	0	0	2	1.07335	-97.2651	230	2	1.1	0.9;
