function mpc = AfterDynamicSim_sps_138
%AFTERDYNAMICSIM_SPS_138

%% MATPOWER Case Format : Version 2
mpc.version = '2';

%%-----  Power Flow Data  -----%%
%% system MVA base
mpc.baseMVA = 100;

%% bus data
%	bus_i	type	Pd	Qd	Gs	Bs	area	Vm	Va	baseKV	zone	Vmax	Vmin
mpc.bus = [
	1	1	89.5570149	48.7570144	0	0	1	1.02361	156.3188	115	1	1.1	0.9;
	2	1	55.7865078	14.943225	0	0	1	1.03145	158.5695	115	1	1.1	0.9;
	3	1	19.802764	0	0	0	1	0.9874	156.5273	230	1	1.1	0.9;
	4	1	0	0	0	0	1	1.02422	155.481	345	1	1.1	0.9;
	5	1	350.977916	129.251934	0	0	1	1.01361	155.0159	115	1	1.1	0.9;
	6	1	119.305341	40.7616402	0	0	1	1.02562	157.6133	115	1	1.1	0.9;
	7	1	0	0	0	0	1	0.98338	155.8798	230	1	1.1	0.9;
	8	1	58.0678861	14.0159309	0	0	1	1.01464	153.8937	115	1	1.1	0.9;
	9	1	95.6581305	42.8459338	0	0	1	0.99975	153.4932	115	1	1.1	0.9;
	10	1	147.383326	32.8616229	0	0	1	1.01589	151.8281	230	1	1.1	0.9;
	11	1	82.8638611	20.9648276	0	0	1	1.00367	153.4011	115	1	1.1	0.9;
	12	1	0	0	0	0	1	0.99124	155.4409	230	1	1.1	0.9;
	13	1	57.8589154	9.97536742	0	0	1	0.99478	150.3611	115	1	1.1	0.9;
	14	1	161.140546	60.4274529	0	0	1	1.00205	148.1915	115	1	1.1	0.9;
	15	1	127.521823	23.1484261	0	0	1	1.03714	145.9271	115	1	1.1	0.9;
	16	1	0	0	0	0	1	1.03687	151.4769	345	1	1.1	0.9;
	17	1	563.733561	221.06559	0	0	1	1.06695	141.9805	115	1	1.1	0.9;
	19	1	0	0	0	0	1	0.97939	152.1973	230	1	1.1	0.9;
	20	1	593.141147	119.621921	0	0	1	0.99725	148.4261	115	1	1.1	0.9;
	21	1	76.7834757	0.997760865	0	0	1	0.97155	152.4359	230	1	1.1	0.9;
	22	1	80.7733958	22.9343506	0	0	1	0.99301	149.0611	115	1	1.1	0.9;
	23	1	20.9922689	6.99744024	0	0	1	1.04941	155.4464	115	1	1.1	0.9;
	24	1	0	0	0	0	1	1.00384	157.4345	230	1	1.1	0.9;
	25	1	44.9543362	11.9879713	0	0	1	1.0221	152.8938	115	1	1.1	0.9;
	26	1	27.9445199	8.98195446	0	0	1	0.99645	149.6135	115	1	1.1	0.9;
	27	1	68.825627	12.9676496	0	0	1	0.9722	146.2622	115	1	1.1	0.9;
	33	1	55.2172568	6.0241398	0	0	1	1.02766	146.0162	115	1	1.1	0.9;
	34	1	0	0	0	0	1	1.04943	149.8567	345	1	1.1	0.9;
	35	1	0	0	0	0	1	0.99481	139.3549	115	1	1.1	0.9;
	36	1	0	0	0	0	1	1.0202	142.1715	230	1	1.1	0.9;
	37	1	85.0220699	32.0068051	0	0	1	1.02032	146.7486	115	1	1.1	0.9;
	38	1	155.537391	18.0621421	0	0	1	1.02317	145.545	115	1	1.1	0.9;
	39	1	0	0	0	0	1	1.06058	152.0149	345	1	1.1	0.9;
	40	1	46.140241	-21.0634537	0	0	1	1.02405	145.2564	115	1	1.1	0.9;
	41	1	86.2237351	0	0	0	1	1.0313	147.5644	115	1	1.1	0.9;
	42	1	0	0	0	0	1	1.05343	150.3125	345	1	1.1	0.9;
	43	1	39.400154	9.09273102	0	0	1	1.0103	142.2545	115	1	1.1	0.9;
	44	1	197.947144	29.4372718	0	0	1	1.02385	142.4494	115	1	1.1	0.9;
	45	1	0	0	0	0	1	1.03914	145.2094	230	1	1.1	0.9;
	46	1	0	0	0	0	1	1.04965	147.9594	345	1	1.1	0.9;
	47	1	58.7795012	11.9588291	0	0	1	0.9965	138.0947	115	1	1.1	0.9;
	48	1	41.1520783	19.070941	0	0	1	1.00517	142.0586	115	1	1.1	0.9;
	49	1	90.0258472	25.4414586	0	0	1	1.03249	156.1772	115	1	1.1	0.9;
	51	1	-4.96533035	4.96533035	0	0	1	1.02076	150.391	115	1	1.1	0.9;
	52	1	60.9783973	27.9888572	0	0	1	0.99876	146.7373	115	1	1.1	0.9;
	53	1	69.7118267	3.03064362	0	0	1	1.0059	141.5219	115	1	1.1	0.9;
	54	1	10.1048889	1.01120773	0	0	1	1.0156	143.0061	115	1	1.1	0.9;
	55	1	22.0909065	10.0419792	0	0	1	1.01975	146.4388	115	1	1.1	0.9;
	57	1	98.2265586	20.046164	0	0	1	1.03564	149.4131	115	1	1.1	0.9;
	58	1	13.9907143	0.998633119	0	0	1	0.99118	150.4391	115	1	1.1	0.9;
	59	1	217.824946	105.911566	0	0	1	0.9782	150.8325	115	1	1.1	0.9;
	60	1	0	0	0	0	1	1.04045	148.2702	230	1	1.1	0.9;
	61	1	226.884765	109.94129	0	0	1	0.99034	152.5043	115	1	1.1	0.9;
	62	1	0	0	0	0	1	1.01923	153.4133	230	1	1.1	0.9;
	63	1	70.1910965	30.0812347	0	0	1	0.96002	137.5832	115	1	1.1	0.9;
	64	1	0	0	0	0	1	0.95102	142.0549	230	1	1.1	0.9;
	69	1	0	0	0	0	1	1.0093	140.1823	115	1	1.1	0.9;
	70	1	56.6960437	20.2482907	0	0	1	1.02954	129.6788	115	1	1.1	0.9;
	71	1	117.417938	38.4632468	0	150.01	1	1.05428	134.2813	115	1	1.1	0.9;
	72	1	57.5070436	19.1690145	0	0	1	1.00007	137.549	115	1	1.1	0.9;
	73	1	226.450808	71.7745379	0	0	1	1.0038	138.2936	115	1	1.1	0.9;
	74	1	0	0	0	0	1	1.02012	141.4508	230	1	1.1	0.9;
	76	1	209.803325	107.92465	0	0	1	0.98109	138.5221	115	1	1.1	0.9;
	77	1	74.5214891	28.1964264	0	0	1	1.00098	140.4472	115	1	1.1	0.9;
	78	1	0	0	0	0	1	1.00597	141.3668	115	1	1.1	0.9;
	79	1	48.3458618	14.1012522	0	0	1	1.003	140.2416	115	1	1.1	0.9;
	80	1	28.1025449	7.02588604	0	0	1	0.99961	141.434	115	1	1.1	0.9;
	81	1	0	0	0	0	1	1.04674	146.3894	345	1	1.1	0.9;
	84	1	36.9983011	12.9991538	0	0	1	1.02486	148.6593	115	1	1.1	0.9;
	85	1	0	0	0	0	1	0.99101	139.4284	230	1	1.1	0.9;
	86	1	0	0	0	0	1	0.99501	141.9653	230	1	1.1	0.9;
	87	1	0	0	0	0	1	0.99627	146.1822	230	1	1.1	0.9;
	88	1	0	0	0	0	1	1.03345	143.641	230	1	1.1	0.9;
	89	1	44.3067429	0	0	0	1	1.03288	145.1706	115	1	1.1	0.9;
	90	1	66.0375879	0	0	0	1	1.02738	146.156	115	1	1.1	0.9;
	91	1	17.4178224	0	0	0	1	1.05268	146.9872	115	1	1.1	0.9;
	92	1	15.7994775	0	0	0	1	1.05192	151.7698	115	1	1.1	0.9;
	94	1	60.4291445	0	0	0	1	0.99342	145.0335	115	1	1.1	0.9;
	97	1	39.9696987	0	0	0	1	1.01929	143.3708	115	1	1.1	0.9;
	98	1	66.6879951	0	0	0	1	0.99989	142.0932	115	1	1.1	0.9;
	99	1	83.6105032	0	0	0	1	0.99034	137.5303	115	1	1.1	0.9;
	100	1	0	0	0	0	1	1.00664	142.157	115	1	1.1	0.9;
	102	1	77.9119799	0	0	0	1	1.0015	141.3095	115	1	1.1	0.9;
	103	1	32.0642395	0	0	0	1	1.03024	145.5191	115	1	1.1	0.9;
	104	1	8.62077772	0	0	0	1	0.99721	139.6409	115	1	1.1	0.9;
	105	1	49.6991636	0	0	0	1	1.02396	144.9423	115	1	1.1	0.9;
	107	1	4.61062228	0	0	0	1	1.01154	141.9637	115	1	1.1	0.9;
	108	1	112.221674	0	0	0	1	0.9907	137.5506	115	1	1.1	0.9;
	109	1	30.7589601	0	0	0	1	0.98132	133.739	115	1	1.1	0.9;
	110	1	63.144657	0	0	0	1	0.97772	134.3577	115	1	1.1	0.9;
	112	1	19.4974948	0	0	0	1	0.97803	133.0242	115	1	1.1	0.9;
	113	1	26.4474785	0	0	0	1	0.98479	135.4799	115	1	1.1	0.9;
	114	1	18.0913806	0	0	0	1	0.98023	133.4001	115	1	1.1	0.9;
	115	4	0	0	0	0	2	1.05993	170.9438	115	2	1.1	0.9;
	116	1	0	0	0	0	2	1.00845	109.8161	115	2	1.1	0.9;
	117	4	0	0	0	500	2	1.06936	-178.8401	115	2	1.1	0.9;
	118	4	16.8245391	775.615018	0	0	2	1.05972	-178.8111	115	2	1.1	0.9;
	119	4	110.3442	37.8445289	0	0	2	1.11063	-177.893	115	2	1.1	0.9;
	120	4	-114.152919	45.8893585	0	150	2	1.13555	-174.6218	115	2	1.1	0.9;
	121	4	460.085655	47.2983022	0	0	2	1.05993	170.9438	115	2	1.1	0.9;
	122	1	166.556224	8.5786646	0	0	2	0.95256	106.0561	115	2	1.1	0.9;
	123	1	80.5415701	1.44534077	0	0	2	0.9744	106.5387	115	2	1.1	0.9;
	124	1	276.828271	59.3903979	0	0	2	0.99847	109.8161	115	2	1.1	0.9;
	125	1	521.03998	83.7004964	0	0	2	0.98045	109.6338	115	2	1.1	0.9;
	126	1	57.4335807	5.059033	0	200.01	2	0.9648	116.4345	115	2	1.1	0.9;
	127	1	360.923155	35.0682551	0	0	2	0.95648	123.73	230	2	1.1	0.9;
	128	1	0	0	0	0	2	0.96206	132.65	230	2	1.1	0.9;
	129	1	0	0	0	0	2	0.95748	132.8094	230	2	1.1	0.9;
	130	1	0	0	0	0	2	0.99126	150.8082	230	2	1.1	0.9;
	131	1	0	0	0	0	2	0.96863	154.5709	230	2	1.1	0.9;
	132	1	0	0	0	0	2	0.97073	147.1597	230	2	1.1	0.9;
	133	1	0	0	0	0	2	0.96993	131.016	230	2	1.1	0.9;
	134	1	0	0	0	0	2	0.99648	126.8647	230	2	1.1	0.9;
	135	1	163.639086	40.2321015	0	0	2	0.99869	128.4508	230	2	1.1	0.9;
	136	1	54.2821795	17.8968026	0	0	2	1.03894	137.2894	230	2	1.1	0.9;
	137	1	270.341153	98.6092956	0	0	2	1.03541	133.3224	230	2	1.1	0.9;
	138	1	819.75835	134.062015	0	0	2	1.04613	124.0976	230	2	1.1	0.9;
	139	1	591.768494	82.8449545	0	0	2	1.00703	133.4693	115	2	1.1	0.9;
	140	1	383.520961	113.46027	0	0	2	1.03346	133.0726	230	2	1.1	0.9;
	141	1	144.363361	57.7442363	0	0	2	1.04785	138.6724	230	2	1.1	0.9;
	142	1	55.7951487	24.1933823	0	0	2	1.00971	140.1386	230	2	1.1	0.9;
	143	1	89.5050026	35.5014301	0	0	2	1.04355	150.0005	230	2	1.1	0.9;
	144	1	0	0	0	0	2	1.01768	153.158	230	2	1.1	0.9;
	145	1	23.9174268	13.951241	0	0	2	1.0095	143.4847	230	2	1.1	0.9;
	146	1	0	0	0	0	2	1.05153	145.91	230	2	1.1	0.9;
	147	1	0	0	0	0	2	1.05264	149.6222	230	2	1.1	0.9;
	148	1	62.9658307	24.9868535	0	120.01	2	1.09784	145.7389	115	2	1.1	0.9;
	149	1	0	0	0	0	2	1.07267	150.5999	230	2	1.1	0.9;
	150	1	0	0	0	0	2	0.96814	154.7603	230	2	1.1	0.9;
	151	1	0	0	0	0	2	0.97965	149.1842	230	2	1.1	0.9;
