function mpc = pnnl118
%PNNL118

%% MATPOWER Case Format : Version 2
mpc.version = '2';

%%-----  Power Flow Data  -----%%
%% system MVA base
mpc.baseMVA = 100;

%% bus data
%	bus_i	type	Pd	Qd	Gs	Bs	area	Vm	Va	baseKV	zone	Vmax	Vmin
mpc.bus = [
	1	2	23.746	12.572	0	0	1	1.01505	22.8857	138	1	1.1	0.9;
	2	1	9.312	4.191	0	0	1	1.02139	23.0064	138	1	1.1	0.9;
	3	1	18.159	4.656	0	0	1	1.02196	23.2788	138	1	1.1	0.9;
	4	2	18.159	5.587	0	0	1	1.03783	25.056	138	1	1.1	0.9;
	5	1	0	0	0	-40	1	1.03925	25.2814	138	1	1.1	0.9;
	6	2	24.212	10.243	0	0	1	1.02952	23.9344	138	1	1.1	0.9;
	7	1	8.847	0.931	0	0	1	1.02883	23.66	138	1	1.1	0.9;
	8	2	13.037	0	0	0	1	1.04154	27.8247	345	1	1.1	0.9;
	9	1	0	0	0	0	1	1.05649	31.5585	345	1	1.1	0.9;
	10	2	0	0	0	0	1	1.05	35.5881	345	1	1.1	0.9;
	11	1	32.593	10.709	0	0	1	1.02958	23.7327	138	1	1.1	0.9;
	12	2	21.884	4.656	0	0	1	1.02827	23.3718	138	1	1.1	0.9;
	13	1	15.831	7.45	0	0	1	1.0284	23.1808	138	1	1.1	0.9;
	14	1	6.519	0.466	0	0	1	1.03292	23.1441	138	1	1.1	0.9;
	15	2	41.905	13.968	0	0	1	1.04352	23.3007	138	1	1.1	0.9;
	16	1	11.64	4.656	0	0	1	1.03472	23.3732	138	1	1.1	0.9;
	17	1	5.122	1.397	0	0	1	1.0557	24.4531	138	1	1.1	0.9;
	18	2	27.937	15.831	0	0	1	1.04373	23.5313	138	1	1.1	0.9;
	19	2	20.953	11.64	0	0	1	1.04234	23.2532	138	1	1.1	0.9;
	20	1	8.381	1.397	0	0	1	1.04253	23.6668	138	1	1.1	0.9;
	21	1	6.519	3.725	0	0	1	1.0431	24.3551	138	1	1.1	0.9;
	22	1	4.656	2.328	0	0	1	1.04647	25.457	138	1	1.1	0.9;
	23	1	3.259	1.397	0	0	1	1.05271	27.6544	138	1	1.1	0.9;
	24	2	6.053	0	0	0	1	1.05257	27.1222	138	1	1.1	0.9;
	25	2	0	0	0	0	1	1.05214	31.6162	138	1	1.1	0.9;
	26	2	0	0	0	0	1	1.015	32.5384	345	1	1.1	0.9;
	27	2	33.058	6.053	0	0	1	1.04139	25.4716	138	1	1.1	0.9;
	28	1	7.915	3.259	0	0	1	1.03828	24.691	138	1	1.1	0.9;
	29	1	11.175	1.862	0	0	1	1.03712	24.2132	138	1	1.1	0.9;
	30	1	0	0	0	0	1	1.03045	26.7607	345	1	1.1	0.9;
	31	2	20.021	12.572	0	0	1	1.03771	24.24	138	1	1.1	0.9;
	32	2	27.471	10.709	0	0	1	1.04214	25.0935	138	1	1.1	0.9;
	33	1	10.709	4.191	0	0	1	1.04644	22.9746	138	1	1.1	0.9;
	34	2	27.471	12.106	0	0	1	1.0523	23.1919	138	1	1.1	0.9;
	35	1	15.365	4.191	0	0	1	1.0502	23.0179	138	1	1.1	0.9;
	36	2	14.434	7.915	0	0	1	1.04992	23.0188	138	1	1.1	0.9;
	37	1	0	0	0	-35	1	1.05474	23.3898	138	1	1.1	0.9;
	38	1	0	0	0	0	1	1.01321	25.5718	345	1	1.1	0.9;
	39	1	12.592	5.13	0	0	1	1.03476	22.1136	138	1	1.1	0.9;
	40	2	30.781	10.727	0	0	1	1.02742	21.7486	138	1	1.1	0.9;
	41	1	17.256	4.664	0	0	1	1.02285	21.5756	138	1	1.1	0.9;
	42	2	44.773	10.727	0	0	1	1.02006	22.3247	138	1	1.1	0.9;
	43	1	8.395	3.265	0	0	1	1.05	22.9827	138	1	1.1	0.9;
	44	1	7.462	3.731	0	10	1	1.04598	23.8268	138	1	1.1	0.9;
	45	1	24.718	10.26	0	10	1	1.03613	24.6356	138	1	1.1	0.9;
	46	2	13.059	4.664	0	10	1	1.03583	25.7211	138	1	1.1	0.9;
	47	1	15.857	0	0	0	1	1.0296	27.0662	138	1	1.1	0.9;
	48	1	9.328	5.13	0	15	1	1.03116	26.9463	138	1	1.1	0.9;
	49	2	40.575	13.991	0	0	1	1.025	27.6739	138	1	1.1	0.9;
	50	1	7.929	1.866	0	0	1	1.00722	26.9671	138	1	1.1	0.9;
	51	1	7.929	3.731	0	0	1	0.98248	26.1152	138	1	1.1	0.9;
	52	1	8.395	2.332	0	0	1	0.97536	25.7954	138	1	1.1	0.9;
	53	1	10.727	5.13	0	0	1	0.96057	25.6565	138	1	1.1	0.9;
	54	2	52.701	14.924	0	0	1	0.955	26.3188	138	1	1.1	0.9;
	55	2	29.382	10.26	0	0	1	0.95754	26.0217	138	1	1.1	0.9;
	56	2	39.176	8.395	0	0	1	0.95845	26.1284	138	1	1.1	0.9;
	57	1	5.597	1.399	0	0	1	0.9785	26.285	138	1	1.1	0.9;
	58	1	5.597	1.399	0	0	1	0.97163	25.9755	138	1	1.1	0.9;
	59	2	129.19	52.701	0	0	1	0.985	27.3078	138	1	1.1	0.9;
	60	1	36.378	1.399	0	0	1	0.99511	28.6731	138	1	1.1	0.9;
	61	2	0	0	0	0	1	0.995	29.0717	138	1	1.1	0.9;
	62	2	35.911	6.529	0	0	1	1.00248	28.7251	138	1	1.1	0.9;
	63	1	0	0	0	0	1	0.97211	28.4526	345	1	1.1	0.9;
	64	1	0	0	0	0	1	0.98598	29.0053	345	1	1.1	0.9;
	65	2	0	0	0	0	1	1.005	29.744	345	1	1.1	0.9;
	66	2	18.189	8.395	0	0	1	1.05	30.338	138	1	1.1	0.9;
	67	1	13.059	3.265	0	0	1	1.02616	29.2232	138	1	1.1	0.9;
	68	1	0	0	0	0	1	0.99827	28.6903	345	1	1.1	0.9;
	69	3	0	0	0	0	1	1.035	30	138	1	1.1	0.9;
	70	2	30.781	9.328	0	0	1	1.03244	26.1198	138	1	1.1	0.9;
	71	1	0	0	0	0	1	1.03584	26.0801	138	1	1.1	0.9;
	72	2	5.597	0	0	0	1	1.04711	26.2457	138	1	1.1	0.9;
	73	2	2.798	0	0	0	1	1.03588	26.0094	138	1	1.1	0.9;
	74	2	31.714	12.592	0	12	1	1.02121	24.9947	138	1	1.1	0.9;
	75	1	21.92	5.13	0	0	1	1.02078	25.3681	138	1	1.1	0.9;
	76	2	31.652	16.757	0	0	1	1.00631	23.9414	138	1	1.1	0.9;
	77	2	28.393	13.033	0	0	1	1.02783	24.6669	138	1	1.1	0.9;
	78	1	33.048	12.102	0	0	1	1.02734	24.5069	138	1	1.1	0.9;
	79	1	18.153	14.895	0	20	1	1.03121	24.5991	138	1	1.1	0.9;
	80	2	60.51	12.102	0	0	1	1.04	25.6102	138	1	1.1	0.9;
	81	1	0	0	0	0	1	0.99188	27.5391	345	1	1.1	0.9;
	82	1	25.135	12.568	0	20	1	1.01705	20.1917	138	1	1.1	0.9;
	83	1	9.309	4.655	0	10	1	1.01234	18.7157	138	1	1.1	0.9;
	84	1	5.12	3.258	0	0	1	0.99866	16.7211	138	1	1.1	0.9;
  85	1	11.171	6.982	0	0	1	0.99488	15.9014	138	1	1.1	0.9;
  86	1	9.775	4.655	0	0	1	0.99271	15.1818	138	1	1.1	0.9;
  87	1	0	0	0	0	1	0.99271	15.1824	161	1	1.1	0.9;
  88	1	22.342	4.655	0	0	1	0.99133	14.6488	138	1	1.1	0.9;
  89	1	0	0	0	0	1	0.99385	14.6798	138	1	1.1	0.9;
  90	1	75.871	19.55	0	0	1	0.97843	12.6769	138	1	1.1	0.9;
  91	1	4.655	0	0	0	1	0.98619	13.7119	138	1	1.1	0.9;
  92	1	30.255	4.655	0	0	1	0.99725	15.6617	138	1	1.1	0.9;
	93	1	5.586	3.258	0	0	1	1.00167	17.1642	138	1	1.1	0.9;
	94	1	13.964	7.447	0	0	1	1.00828	18.6635	138	1	1.1	0.9;
	95	1	19.55	14.429	0	0	1	1.0072	19.2366	138	1	1.1	0.9;
	96	1	17.688	6.982	0	0	1	1.01668	20.4282	138	1	1.1	0.9;
	97	1	6.982	4.189	0	0	1	1.02565	22.8138	138	1	1.1	0.9;
	98	1	15.826	3.724	0	0	1	1.02784	22.7396	138	1	1.1	0.9;
	99	2	19.55	0	0	0	1	1.02205	20.5556	138	1	1.1	0.9;
	100	2	17.222	8.378	0	0	1	1.017	19.4337	138	1	1.1	0.9;
	101	1	10.24	6.982	0	0	1	1.00365	17.4157	138	1	1.1	0.9;
	102	1	2.327	1.396	0	0	1	0.99939	16.1946	138	1	1.1	0.9;
	103	2	10.706	7.447	0	0	1	1.01	18.0767	138	1	1.1	0.9;
	104	2	17.688	11.637	0	0	1	1.00325	16.7287	138	1	1.1	0.9;
	105	2	14.429	12.102	0	20	1	1.00336	16.2426	138	1	1.1	0.9;
	106	1	20.015	7.447	0	0	1	1.00255	16.0808	138	1	1.1	0.9;
	107	2	23.273	5.586	0	6	1	1.00125	14.8687	138	1	1.1	0.9;
	108	1	0.931	0.465	0	0	1	0.99544	16.0444	138	1	1.1	0.9;
	109	1	3.724	1.396	0	0	1	0.99207	15.982	138	1	1.1	0.9;
	110	2	18.153	13.964	0	6	1	0.98423	15.981	138	1	1.1	0.9;
	111	2	0	0	0	0	1	0.98	17.265	138	1	1.1	0.9;
	112	2	31.652	6.051	0	0	1	0.97395	14.8161	138	1	1.1	0.9;
	113	2	2.793	0	0	0	1	1.05455	24.4837	138	1	1.1	0.9;
	114	1	3.724	1.396	0	0	1	1.04011	25.0228	138	1	1.1	0.9;
	115	1	10.24	3.258	0	0	1	1.03989	25.0308	138	1	1.1	0.9;
	116	2	85.646	0	0	0	1	0.99797	28.4908	138	1	1.1	0.9;
	117	1	9.309	3.724	0	0	1	1.02267	22.6948	138	1	1.1	0.9;
	118	1	15.36	6.982	0	0	1	1.01131	24.509	138	1	1.1	0.9;
];

%% generator data
%	bus	Pg	Qg	Qmax	Qmin	Vg	mBase	status	Pmax	Pmin	Pc1	Pc2	Qc1min	Qc1max	Qc2min	Qc2max	ramp_agc	ramp_10	ramp_30	ramp_q	apf	mu_Pmax	mu_Pmin	mu_Qmax	mu_Qmin
