function mpc = AfterDynamicSim_sps_96
%AFTERDYNAMICSIM_SPS_96

%% MATPOWER Case Format : Version 2
mpc.version = '2';

%%-----  Power Flow Data  -----%%
%% system MVA base
mpc.baseMVA = 100;

%% bus data
%	bus_i	type	Pd	Qd	Gs	Bs	area	Vm	Va	baseKV	zone	Vmax	Vmin
mpc.bus = [
	1	1	89.3771338	48.6616265	0	0	1	1.02223	177.7932	115	1	1.1	0.9;
	2	1	55.6872727	14.9160832	0	0	1	1.0302	179.9474	115	1	1.1	0.9;
	3	1	19.7070768	0	0	0	1	0.98418	177.9642	230	1	1.1	0.9;
	4	1	0	0	0	0	1	1.02085	176.705	345	1	1.1	0.9;
	5	1	350.177769	128.959001	0	0	1	1.01205	176.4852	115	1	1.1	0.9;
	6	1	119.036575	40.6708464	0	0	1	1.02406	179.0129	115	1	1.1	0.9;
	7	1	0	0	0	0	1	0.98031	177.3622	230	1	1.1	0.9;
	8	1	57.927158	13.9819629	0	0	1	1.013	175.1222	115	1	1.1	0.9;
	9	1	95.48417	42.7685664	0	0	1	0.99853	174.9194	115	1	1.1	0.9;
	10	1	146.948333	32.7657772	0	0	1	1.01387	173.2594	230	1	1.1	0.9;
	11	1	82.7524575	20.9376478	0	0	1	1.00277	174.7878	115	1	1.1	0.9;
	12	1	0	0	0	0	1	0.98865	176.9021	230	1	1.1	0.9;
	13	1	57.7422085	9.95507608	0	0	1	0.99343	171.7586	115	1	1.1	0.9;
	14	1	160.574272	60.2159767	0	0	1	0.99969	169.0578	115	1	1.1	0.9;
	15	1	127.093441	23.0711591	0	0	1	1.0348	166.4382	115	1	1.1	0.9;
	16	1	0	0	0	0	1	1.03321	171.9029	345	1	1.1	0.9;
	17	1	563.170389	220.849871	0	0	1	1.06622	162.4767	115	1	1.1	0.9;
	19	1	0	0	0	0	1	0.97697	173.4985	230	1	1.1	0.9;
	20	1	591.52295	119.297931	0	0	1	0.99542	169.8314	115	1	1.1	0.9;
	21	1	76.5402417	0.994575416	0	0	1	0.96948	173.8377	230	1	1.1	0.9;
	22	1	80.5890714	22.882719	0	0	1	0.99149	170.479	115	1	1.1	0.9;
	23	1	20.9790686	6.99304	0	0	1	1.04897	176.9008	115	1	1.1	0.9;
	24	1	0	0	0	0	1	1.00297	178.8884	230	1	1.1	0.9;
	25	1	44.9160834	11.9777702	0	0	1	1.02152	174.3452	115	1	1.1	0.9;
	26	1	27.9087815	8.97046751	0	0	1	0.9956	171.0579	115	1	1.1	0.9;
	27	1	68.6971083	12.9432575	0	0	1	0.97098	167.69	115	1	1.1	0.9;
	33	1	55.0090611	6.0011991	0	0	1	1.02505	165.5961	115	1	1.1	0.9;
	34	1	0	0	0	0	1	1.04655	169.356	345	1	1.1	0.9;
	35	1	0	0	0	0	1	0.99403	156.5801	115	1	1.1	0.9;
	36	1	0	0	0	0	1	1.01893	159.3425	230	1	1.1	0.9;
	37	1	84.7495597	31.9059021	0	0	1	1.01813	166.4583	115	1	1.1	0.9;
	38	1	154.960339	17.9956687	0	0	1	1.02062	165.1194	115	1	1.1	0.9;
	39	1	0	0	0	0	1	1.05811	171.5174	345	1	1.1	0.9;
	40	1	45.9771046	-20.9895583	0	0	1	1.02162	164.8788	115	1	1.1	0.9;
	41	1	85.8822079	0	0	0	1	1.02855	167.1586	115	1	1.1	0.9;
	42	1	0	0	0	0	1	1.05049	169.8023	345	1	1.1	0.9;
	43	1	39.2291582	9.05303536	0	0	1	1.00736	161.4826	115	1	1.1	0.9;
	44	1	197.003842	29.2984031	0	0	1	1.02056	161.304	115	1	1.1	0.9;
	45	1	0	0	0	0	1	1.03569	163.9815	230	1	1.1	0.9;
	46	1	0	0	0	0	1	1.0461	166.7618	345	1	1.1	0.9;
	47	1	58.5791433	11.9178458	0	0	1	0.99417	156.5474	115	1	1.1	0.9;
	48	1	41.0566815	19.0262653	0	0	1	1.0036	161.7135	115	1	1.1	0.9;
	49	1	89.7129513	25.3540957	0	0	1	1.03009	175.9327	115	1	1.1	0.9;
	51	1	-4.94653619	4.94653619	0	0	1	1.01818	170.0445	115	1	1.1	0.9;
	52	1	60.771746	27.8950804	0	0	1	0.99648	166.3422	115	1	1.1	0.9;
	53	1	69.4102048	3.01739905	0	0	1	1.00297	160.7358	115	1	1.1	0.9;
	54	1	10.0615819	1.00677088	0	0	1	1.01263	162.1973	115	1	1.1	0.9;
	55	1	22.0239828	10.0115571	0	0	1	1.01769	166.0114	115	1	1.1	0.9;
	57	1	98.16787	20.0339682	0	0	1	1.03522	169.5186	115	1	1.1	0.9;
	58	1	13.9930432	0.998799339	0	0	1	0.99129	170.7393	115	1	1.1	0.9;
	59	1	217.859325	105.930677	0	0	1	0.9783	171.1949	115	1	1.1	0.9;
	60	1	0	0	0	0	1	1.03725	167.6899	230	1	1.1	0.9;
	61	1	226.892628	109.946582	0	0	1	0.99036	172.8959	115	1	1.1	0.9;
	62	1	0	0	0	0	1	1.01884	173.8617	230	1	1.1	0.9;
	63	1	70.1812234	30.0779249	0	0	1	0.95993	157.9603	115	1	1.1	0.9;
	64	1	0	0	0	0	1	0.95075	162.4498	230	1	1.1	0.9;
	69	1	0	0	0	0	1	1.00857	156.9277	115	1	1.1	0.9;
	70	1	56.6085004	20.2171788	0	0	1	1.02838	147.0968	115	1	1.1	0.9;
	71	1	117.238644	38.4056994	0	150	1	1.05311	151.7022	115	1	1.1	0.9;
	72	1	57.4475712	19.1488573	0	0	1	0.9993	154.8016	115	1	1.1	0.9;
	73	1	226.034287	71.6449754	0	0	1	1.00249	155.8014	115	1	1.1	0.9;
	74	1	0	0	0	0	1	1.01784	159.0577	230	1	1.1	0.9;
	76	1	209.625275	107.835116	0	0	1	0.98046	155.7789	115	1	1.1	0.9;
	77	1	74.4656868	28.1759083	0	0	1	1.0004	157.6246	115	1	1.1	0.9;
	78	1	0	0	0	0	1	1.00543	158.5532	115	1	1.1	0.9;
	79	1	48.303533	14.0882803	0	0	1	1.00229	157.4359	115	1	1.1	0.9;
	80	1	28.1040106	7.02525321	0	0	1	0.99955	158.22	115	1	1.1	0.9;
	81	1	0	0	0	0	1	1.04567	163.1877	345	1	1.1	0.9;
	84	1	36.9977596	12.9989635	0	0	1	1.02485	165.8875	115	1	1.1	0.9;
	85	1	0	0	0	0	1	0.99008	159.4459	230	1	1.1	0.9;
	86	1	0	0	0	0	1	0.99378	162.2119	230	1	1.1	0.9;
	87	1	0	0	0	0	1	0.99405	166.8919	230	1	1.1	0.9;
	88	1	0	0	0	0	1	1.03178	160.786	230	1	1.1	0.9;
	89	1	44.2340408	0	0	0	1	1.03175	165.3588	115	1	1.1	0.9;
	90	1	65.9181618	0	0	0	1	1.02613	166.0803	115	1	1.1	0.9;
	91	1	17.4160849	0	0	0	1	1.05261	167.2406	115	1	1.1	0.9;
	92	1	15.7992522	0	0	0	1	1.05191	171.7013	115	1	1.1	0.9;
	94	1	60.3214935	0	0	0	1	0.99224	165.6523	115	1	1.1	0.9;
	97	1	39.9508746	0	0	0	1	1.01897	163.557	115	1	1.1	0.9;
	98	1	66.6929972	0	0	0	1	0.99994	162.2832	115	1	1.1	0.9;
	99	1	83.5975616	0	0	0	1	0.99023	157.3829	115	1	1.1	0.9;
	100	1	0	0	0	0	1	1.00641	162.3453	115	1	1.1	0.9;
	102	1	77.8723025	0	0	0	1	1.00116	161.4987	115	1	1.1	0.9;
	103	1	32.0436965	0	0	0	1	1.0298	165.4839	115	1	1.1	0.9;
	104	1	8.61546042	0	0	0	1	0.9968	159.7183	115	1	1.1	0.9;
	105	1	49.6576636	0	0	0	1	1.02339	164.8138	115	1	1.1	0.9;
	107	1	4.6052892	0	0	0	1	1.01076	161.7316	115	1	1.1	0.9;
	108	1	112.216576	0	0	0	1	0.99067	157.4084	115	1	1.1	0.9;
	109	1	30.769949	0	0	0	1	0.98143	152.8804	115	1	1.1	0.9;
	110	1	63.1387893	0	0	0	1	0.97757	153.7772	115	1	1.1	0.9;
	112	1	19.5594236	0	0	0	1	0.97981	151.5655	115	1	1.1	0.9;
	113	1	26.3931607	0	0	0	1	0.98337	154.1347	115	1	1.1	0.9;
	114	1	18.1553405	0	0	0	1	0.98219	151.8484	115	1	1.1	0.9;
	115	1	0	0	0	0	2	0.94276	119.5144	115	2	1.1	0.9;
	116	1	0	0	0	0	2	0.90067	127.7836	115	2	1.1	0.9;
	117	1	0	0	0	460	2	0.99973	121.8587	115	2	1.1	0.9;
	118	1	6.10357181	281.328822	0	0	2	0.99362	121.7635	115	2	1.1	0.9;
	119	1	91.935779	31.530976	0	0	2	0.98344	120.4385	115	2	1.1	0.9;
	120	1	-95.0021185	38.1907129	0	120	2	1.00521	122.9813	115	2	1.1	0.9;
	121	1	223.674338	22.9948001	0	0	2	0.95299	117.4544	115	2	1.1	0.9;
	122	1	93.4060245	4.8110658	0	0	2	0.94065	121.0732	115	2	1.1	0.9;
	123	1	28.0847781	0.504566067	0	0	2	0.88874	127.6105	115	2	1.1	0.9;
	124	1	93.6245035	20.0872028	0	0	2	0.89176	127.7836	115	2	1.1	0.9;
	125	1	447.531248	71.893657	0	0	2	0.88512	130.6223	115	2	1.1	0.9;
	126	1	36.6673413	3.22952822	0	240	2	0.90686	137.2692	115	2	1.1	0.9;
	127	1	342.095556	33.2394887	0	0	2	0.92242	145.9384	230	2	1.1	0.9;
	128	1	0	0	0	0	2	0.94282	155.1231	230	2	1.1	0.9;
	129	1	0	0	0	0	2	0.93646	155.2399	230	2	1.1	0.9;
	130	1	0	0	0	0	2	0.98501	172.8043	230	2	1.1	0.9;
	131	1	0	0	0	0	2	0.96516	176.2007	230	2	1.1	0.9;
	132	1	0	0	0	0	2	0.96237	169.1801	230	2	1.1	0.9;
	133	1	0	0	0	0	2	0.95186	153.5813	230	2	1.1	0.9;
	134	1	0	0	0	0	2	0.96958	149.4951	230	2	1.1	0.9;
	135	1	158.419313	38.9494239	0	0	2	0.97681	151.2429	230	2	1.1	0.9;
	136	1	53.5203774	17.6454802	0	0	2	1.02847	160.3512	230	2	1.1	0.9;
	137	1	265.289198	96.7672121	0	0	2	1.02218	156.2101	230	2	1.1	0.9;
	138	1	804.931741	131.638158	0	0	2	1.03328	146.8737	230	2	1.1	0.9;
	139	1	586.053784	82.0472097	0	0	2	1.00036	156.414	115	2	1.1	0.9;
	140	1	378.310886	111.920738	0	0	2	1.02369	155.9189	230	2	1.1	0.9;
	141	1	143.005014	57.2019969	0	0	2	1.04126	161.5475	230	2	1.1	0.9;
	142	1	55.6352972	24.1253793	0	0	2	1.00469	162.4383	230	2	1.1	0.9;
	143	1	89.5060916	35.5025191	0	0	2	1.04355	171.9337	230	2	1.1	0.9;
	144	1	0	0	0	0	2	1.01767	173.7195	230	2	1.1	0.9;
	145	1	23.8835363	13.9317231	0	0	2	1.00846	165.7649	230	2	1.1	0.9;
	146	1	0	0	0	0	2	1.04983	168.463	230	2	1.1	0.9;
	147	1	0	0	0	0	2	1.05263	172.2381	230	2	1.1	0.9;
	148	1	62.9493407	24.9801198	0	120	2	1.09754	167.7365	115	2	1.1	0.9;
	149	1	0	0	0	0	2	1.07259	172.6809	230	2	1.1	0.9;
	150	1	0	0	0	0	2	0.96452	176.3868	230	2	1.1	0.9;
	151	1	0	0	0	0	2	0.97496	171.166	230	2	1.1	0.9;
