function mpc = pnnl300_5p
%PNNL300_5P

%% MATPOWER Case Format : Version 2
mpc.version = '2';

%%-----  Power Flow Data  -----%%
%% system MVA base
mpc.baseMVA = 100;

%% bus data
%	bus_i	type	Pd	Qd	Gs	Bs	area	Vm	Va	baseKV	zone	Vmax	Vmin
mpc.bus = [
	1	1	84.9082771	46.2285452	0	0	1	1.02592581	-179.225902	115	1	1.1	0.9;
	2	1	52.9029091	14.170279	0	0	1	1.03285965	-177.185762	115	1	1.1	0.9;
	3	1	18.721723	0	0	0	1	0.990555223	-179.072371	230	1	1.1	0.9;
	4	1	0	0	0	0	1	1.02747128	179.724024	345	1	1.1	0.9;
	5	1	332.668881	122.511051	0	0	1	1.01643134	179.540853	115	1	1.1	0.9;
	6	1	113.084746	38.6373041	0	0	1	1.0275724	-178.072465	115	1	1.1	0.9;
	7	1	0	0	0	0	1	0.985963478	-179.630502	230	1	1.1	0.9;
	8	1	55.0308001	13.2828648	0	0	1	1.01516212	178.277369	115	1	1.1	0.9;
	9	1	90.7099615	40.6301381	0	0	1	1.00207896	178.082851	115	1	1.1	0.9;
	10	1	139.600916	31.1274883	0	0	1	1.01620453	176.517863	230	1	1.1	0.9;
	11	1	78.6148346	19.8907654	0	0	1	1.00459036	177.976857	115	1	1.1	0.9;
	12	1	0	0	0	0	1	0.993021729	179.947558	230	1	1.1	0.9;
	13	1	54.8550981	9.45732228	0	0	1	0.995770523	175.116845	115	1	1.1	0.9;
	14	1	152.545558	57.2051779	0	0	1	1.0049694	172.517534	115	1	1.1	0.9;
	15	1	120.738769	21.9176011	0	0	1	1.04004823	170.014604	115	1	1.1	0.9;
	16	1	0	0	0	0	1	1.03995706	175.130159	345	1	1.1	0.9;
	17	1	535.01187	209.807377	0	0	1	1.0702711	166.368778	115	1	1.1	0.9;
	18	1	0	0	0	0	1	0.981181627	176.754402	230	1	1.1	0.9;
	19	1	561.946802	113.333034	0	0	1	0.997555465	173.299976	115	1	1.1	0.9;
	20	1	72.7132296	0.944846645	0	0	1	0.973050461	177.080671	230	1	1.1	0.9;
	21	1	76.5596178	21.738583	0	0	1	0.994324249	173.907282	115	1	1.1	0.9;
	22	1	19.9301152	6.643388	0	0	1	1.04984185	179.975066	115	1	1.1	0.9;
	23	1	0	0	0	0	1	1.00470049	-178.143515	230	1	1.1	0.9;
	24	1	42.6702792	11.3788817	0	0	1	1.02409962	177.549741	115	1	1.1	0.9;
	25	1	26.5133424	8.52194413	0	0	1	0.99976715	174.439489	115	1	1.1	0.9;
	26	1	65.2622529	12.2960946	0	0	1	0.976108277	171.266967	115	1	1.1	0.9;
	27	1	52.258608	5.70113914	0	0	1	1.03450128	169.12153	115	1	1.1	0.9;
	28	1	0	0	0	0	1	1.05371735	172.632652	345	1	1.1	0.9;
	29	1	0	0	0	0	1	0.994764395	160.455499	115	1	1.1	0.9;
	30	1	0	0	0	0	1	1.02190702	163.039761	230	1	1.1	0.9;
	31	1	80.5120817	30.310607	0	0	1	1.02832408	169.930518	115	1	1.1	0.9;
	32	1	147.212322	17.0958853	0	0	1	1.03040626	168.673343	115	1	1.1	0.9;
	33	1	0	0	0	0	1	1.0638701	174.664929	345	1	1.1	0.9;
	34	1	43.6782494	-19.9400804	0	0	1	1.03091837	168.459733	115	1	1.1	0.9;
	35	1	81.5880975	0	0	0	1	1.03850709	170.579021	115	1	1.1	0.9;
	36	1	0	0	0	0	1	1.05726094	173.051641	345	1	1.1	0.9;
	37	1	37.2677003	8.60038359	0	0	1	1.0158088	165.239111	115	1	1.1	0.9;
	38	1	187.15365	27.8334829	0	0	1	1.0269566	165.028975	115	1	1.1	0.9;
	39	1	0	0	0	0	1	1.04177966	167.528202	230	1	1.1	0.9;
	40	1	0	0	0	0	1	1.05247236	170.137141	345	1	1.1	0.9;
	41	1	55.6501861	11.3219535	0	0	1	1.00064591	160.522329	115	1	1.1	0.9;
	42	1	39.0038474	18.074952	0	0	1	1.00999254	165.524858	115	1	1.1	0.9;
	43	1	85.2273037	24.0863909	0	0	1	1.04977277	178.532705	115	1	1.1	0.9;
	44	1	-4.69920938	4.69920938	0	0	1	1.03258012	173.197132	115	1	1.1	0.9;
	45	1	57.7331587	26.5003264	0	0	1	1.00835768	169.802942	115	1	1.1	0.9;
	46	1	65.9396946	2.8665291	0	0	1	1.01155699	164.538974	115	1	1.1	0.9;
	47	1	9.5585028	0.956432336	0	0	1	1.02029943	165.903116	115	1	1.1	0.9;
	48	1	20.9227837	9.51097924	0	0	1	1.02506465	169.523148	115	1	1.1	0.9;
	49	1	93.2594765	19.0322698	0	0	1	1.03772074	172.911375	115	1	1.1	0.9;
	50	1	13.293391	0.948859372	0	0	1	0.994850412	174.101686	115	1	1.1	0.9;
	51	1	206.966359	100.634143	0	0	1	0.982104995	174.539321	115	1	1.1	0.9;
	52	1	0	0	0	0	1	1.04202138	171.09405	230	1	1.1	0.9;
	53	1	215.547997	104.449253	0	0	1	0.993270767	176.145915	115	1	1.1	0.9;
	54	1	0	0	0	0	1	1.02089069	177.055099	230	1	1.1	0.9;
	55	1	66.6721622	28.5740287	0	0	1	0.959944768	162.085163	115	1	1.1	0.9;
	56	1	0	0	0	0	1	0.952594402	166.332221	230	1	1.1	0.9;
	57	1	0	0	0	0	1	1.0132337	160.712431	115	1	1.1	0.9;
	58	1	53.7780754	19.2063199	0	0	1	1.0298282	151.46658	115	1	1.1	0.9;
	59	1	111.376712	36.4854144	0	150	1	1.05274763	155.842769	115	1	1.1	0.9;
	60	1	54.5751926	18.1914144	0	0	1	1.00051439	158.768777	115	1	1.1	0.9;
	61	1	214.732573	68.0627266	0	0	1	1.00595678	159.713476	115	1	1.1	0.9;
	62	1	0	0	0	0	1	1.02254938	162.794271	230	1	1.1	0.9;
	63	1	199.144011	102.44336	0	0	1	0.980490858	159.738179	115	1	1.1	0.9;
	64	1	70.7424025	26.7671129	0	0	1	1.00151278	161.431909	115	1	1.1	0.9;
	65	1	0	0	0	0	1	1.00660495	162.310845	115	1	1.1	0.9;
	66	1	45.8883564	13.3838663	0	0	1	1.00459127	161.244331	115	1	1.1	0.9;
	67	1	26.6988101	6.67399055	0	0	1	1.00153685	161.931999	115	1	1.1	0.9;
	68	1	0	0	0	0	1	1.04979082	166.587378	345	1	1.1	0.9;
	69	1	35.1478716	12.3490153	0	0	1	1.02485824	169.268305	115	1	1.1	0.9;
	70	1	0	0	0	0	1	0.991548156	163.51388	230	1	1.1	0.9;
	71	1	0	0	0	0	1	0.996178733	166.119712	230	1	1.1	0.9;
	72	1	0	0	0	0	1	0.997728463	170.529405	230	1	1.1	0.9;
	73	1	0	0	0	0	1	1.03563194	164.372057	230	1	1.1	0.9;
	74	1	42.0223388	0	0	0	1	1.03610124	169.017868	115	1	1.1	0.9;
	75	1	62.6222537	0	0	0	1	1.03255348	169.66971	115	1	1.1	0.9;
	76	1	16.5452807	0	0	0	1	1.05261197	170.866203	115	1	1.1	0.9;
	77	1	15.0092896	0	0	0	1	1.05191712	175.053517	115	1	1.1	0.9;
	78	1	57.3054188	0	0	0	1	0.995281464	169.359431	115	1	1.1	0.9;
	79	1	37.9533309	0	0	0	1	1.02010541	167.376083	115	1	1.1	0.9;
	80	1	63.3583473	0	0	0	1	0.999947391	166.212449	115	1	1.1	0.9;
	81	1	79.4176835	0	0	0	1	0.990599987	161.559802	115	1	1.1	0.9;
	82	1	0	0	0	0	1	1.00738024	166.246015	115	1	1.1	0.9;
	83	1	73.9786874	0	0	0	1	1.00255522	165.440777	115	1	1.1	0.9;
	84	1	30.4415117	0	0	0	1	1.03131955	169.164619	115	1	1.1	0.9;
	85	1	8.1846874	0	0	0	1	0.997931832	163.762102	115	1	1.1	0.9;
	86	1	47.1747804	0	0	0	1	1.02567542	168.518451	115	1	1.1	0.9;
	87	1	4.37502474	0	0	0	1	1.01445895	165.594378	115	1	1.1	0.9;
	88	1	106.605747	0	0	0	1	0.990680271	161.594639	115	1	1.1	0.9;
	89	1	29.2314515	0	0	0	1	0.985758108	157.208618	115	1	1.1	0.9;
	90	1	59.9818498	0	0	0	1	0.981376584	158.087066	115	1	1.1	0.9;
	91	1	18.5814524	0	0	0	1	0.984698364	155.91664	115	1	1.1	0.9;
	92	1	25.0735027	0	0	0	1	0.989767753	158.295485	115	1	1.1	0.9;
	93	1	17.2475735	0	0	0	1	0.987000576	156.174744	115	1	1.1	0.9;
	94	1	0	0	0	0	2	0.813920167	122.451676	115	2	1.1	0.9;
	95	1	0	0	0	0	2	0.867600252	132.658816	115	2	1.1	0.9;
	96	1	0	0	0	460	2	0.851970383	125.42751	115	2	1.1	0.9;
	97	1	5.79839322	267.262381	0	0	2	0.845074654	125.305826	115	2	1.1	0.9;
	98	1	87.33899	29.9544272	0	0	2	0.832086465	123.589903	115	2	1.1	0.9;
	99	1	-90.2520126	36.2811773	0	120	2	0.845255643	126.982518	115	2	1.1	0.9;
	100	1	212.490621	21.8450601	0	0	2	0.815180869	119.752794	115	2	1.1	0.9;
	101	1	88.7357233	4.57051251	0	0	2	0.819025666	124.364069	115	2	1.1	0.9;
	102	1	26.6805392	0.479337764	0	0	2	0.856235798	132.482855	115	2	1.1	0.9;
	103	1	88.9432783	19.0828427	0	0	2	0.859010151	132.658816	115	2	1.1	0.9;
	104	1	425.154686	68.2989742	0	0	2	0.853335148	135.556352	115	2	1.1	0.9;
	105	1	34.8339742	3.06805181	0	240	2	0.875006522	142.346155	115	2	1.1	0.9;
	106	1	324.990778	31.5775143	0	0	2	0.920592538	150.977081	230	2	1.1	0.9;
	107	1	0	0	0	0	2	0.950785622	159.614285	230	2	1.1	0.9;
	108	1	0	0	0	0	2	0.942404069	159.76019	230	2	1.1	0.9;
	109	1	0	0	0	0	2	0.990945282	176.139301	230	2	1.1	0.9;
	110	1	0	0	0	0	2	0.971028352	179.296043	230	2	1.1	0.9;
	111	1	0	0	0	0	2	0.965603701	172.785026	230	2	1.1	0.9;
	112	1	0	0	0	0	2	0.961750376	158.163596	230	2	1.1	0.9;
	113	1	0	0	0	0	2	0.977603624	154.239971	230	2	1.1	0.9;
	114	1	150.498347	37.0019527	0	0	2	0.985967963	155.875977	230	2	1.1	0.9;
	115	1	50.8443585	16.7632062	0	0	2	1.03592194	164.401061	230	2	1.1	0.9;
	116	1	252.024738	91.9288515	0	0	2	1.03732216	160.538529	230	2	1.1	0.9;
	117	1	764.685154	125.05625	0	0	2	1.05166667	151.952258	230	2	1.1	0.9;
	118	1	556.751095	77.9448492	0	0	2	1.00999991	160.764362	115	2	1.1	0.9;
	119	1	359.395342	106.324701	0	0	2	1.03749696	160.289065	230	2	1.1	0.9;
	120	1	135.854763	54.3418971	0	0	2	1.05053175	165.550607	230	2	1.1	0.9;
